Best Buy High Frequency Alerts

Second:  143152 avg price:  545.273939394 #of crossings:  67
	millisecond 	price
	143152021 	544.790
	143152089 	545.010
	143152090 	544.990
	143152320 	545.170
	143152367 	545.130
	143152368 	545.430
	143152369 	545.130
	143152371 	545.430
	143152372 	545.430
	143152375 	545.130
	143152377 	545.430
	143152378 	545.130
	143152379 	545.430
	143152380 	545.430
	143152384 	545.130
	143152385 	545.430
	143152386 	545.130
	143152388 	545.430
	143152391 	545.130
	143152392 	545.430
	143152393 	545.130
	143152395 	545.430
	143152397 	545.430
	143152401 	545.130
	143152402 	545.430
	143152403 	545.130
	143152404 	545.430
	143152408 	545.130
	143152409 	545.430
	143152410 	545.130
	143152411 	545.130
	143152412 	545.430
	143152415 	545.130
	143152416 	545.430
	143152417 	545.130
	143152418 	545.430
	143152419 	545.130
	143152420 	545.430
	143152424 	545.130
	143152425 	545.430
	143152426 	545.130
	143152427 	545.430
	143152428 	545.430
	143152432 	545.130
	143152433 	545.430
	143152434 	545.130
	143152435 	545.130
	143152436 	545.430
	143152439 	545.130
	143152440 	545.430
	143152441 	545.130
	143152442 	545.430
	143152446 	545.130
	143152447 	545.430
	143152448 	545.130
	143152450 	545.430
	143152451 	545.430
	143152453 	545.130
	143152454 	545.430
	143152455 	545.130
	143152456 	545.430
	143152460 	545.130
	143152461 	545.430
	143152462 	545.130
	143152463 	545.130
	143152464 	545.430
	143152467 	545.130
	143152468 	545.430
	143152469 	545.130
	143152470 	545.430
	143152474 	545.130
	143152475 	545.430
	143152476 	545.130
	143152477 	545.430
	143152478 	545.130
	143152479 	545.430
	143152483 	545.130
	143152484 	545.430
	143152485 	545.130
	143152486 	545.430
	143152560 	545.130
	143152562 	545.430
	143152563 	545.430
	143152567 	545.130
	143152568 	545.430
	143152570 	545.130
	143152571 	545.430
	143152575 	545.130
	143152576 	545.430
	143152577 	545.130
	143152578 	545.430
	143152582 	545.130
	143152583 	545.430
	143152584 	545.130
	143152585 	545.430
	143152589 	545.130
	143152590 	545.430
	143152592 	545.130
	143152593 	545.430
	143152596 	545.130
	143152597 	545.430
	143152598 	545.130
	143152600 	545.430
	143152601 	545.430
	143152602 	545.130
	143152603 	545.430
	143152608 	545.130
	143152609 	545.430
	143152610 	545.130
	143152612 	545.430
	143152613 	545.430
	143152617 	545.130
	143152618 	545.430
	143152619 	545.130
	143152620 	545.430
	143152621 	545.130
	143152622 	545.430
	143152625 	545.130
	143152627 	545.430
	143152628 	545.130
	143152629 	545.430
	143152633 	545.130
	143152634 	545.430
	143152635 	545.130
	143152636 	545.430
	143152638 	545.430
	143152639 	545.130
	143152640 	545.430
	143152644 	545.130
	143152645 	545.430
	143152646 	545.620
	143152746 	544.400
Second:  143254 avg price:  545.835730337 #of crossings:  52
	millisecond 	price
	143254000 	545.910
	143254001 	545.580
	143254008 	546.030
	143254020 	545.900
	143254021 	545.900
	143254022 	545.580
	143254024 	545.820
	143254040 	545.580
	143254041 	545.820
	143254044 	545.760
	143254046 	545.900
	143254049 	545.900
	143254104 	545.450
	143254108 	545.760
	143254109 	545.900
	143254156 	545.580
	143254157 	545.820
	143254161 	545.760
	143254228 	545.760
	143254229 	545.760
	143254286 	546.030
	143254287 	546.030
	143254288 	546.030
	143254289 	545.630
	143254290 	545.820
	143254309 	545.900
	143254310 	545.900
	143254388 	545.760
	143254413 	545.580
	143254426 	545.900
	143254427 	545.820
	143254428 	546.040
	143254429 	546.040
	143254430 	545.760
	143254431 	546.050
	143254432 	546.050
	143254433 	546.080
	143254434 	546.100
	143254435 	546.050
	143254439 	546.100
	143254440 	546.120
	143254441 	546.120
	143254442 	546.050
	143254452 	546.030
	143254453 	546.030
	143254479 	543.560
	143254496 	545.760
	143254531 	546.120
	143254533 	543.080
	143254534 	545.900
	143254535 	545.900
	143254610 	546.120
	143254629 	546.120
	143254631 	546.110
	143254632 	545.580
	143254634 	546.120
	143254652 	546.120
	143254653 	546.130
	143254661 	546.150
	143254662 	546.150
	143254663 	545.760
	143254664 	543.080
	143254666 	546.170
	143254667 	546.150
	143254668 	545.710
	143254669 	545.290
	143254670 	545.760
	143254671 	546.160
	143254678 	546.120
	143254679 	546.160
	143254681 	546.210
	143254682 	545.710
	143254683 	546.140
	143254684 	546.050
	143254685 	545.280
	143254693 	546.110
	143254694 	546.120
	143254710 	546.230
	143254713 	546.240
	143254725 	546.250
	143254729 	546.210
	143254730 	545.900
	143254791 	545.940
	143254799 	545.950
	143254801 	545.950
	143254803 	545.950
	143254805 	545.950
	143254851 	545.710
	143254937 	545.710
Second:  151344 avg price:  547.938707483 #of crossings:  62
	millisecond 	price
	151344027 	548.470
	151344032 	546.820
	151344091 	548.480
	151344140 	546.820
	151344143 	546.820
	151344146 	548.490
	151344147 	546.820
	151344151 	548.310
	151344152 	548.310
	151344158 	548.180
	151344159 	548.310
	151344168 	546.820
	151344174 	546.820
	151344176 	548.470
	151344192 	546.820
	151344195 	548.470
	151344196 	548.180
	151344201 	548.320
	151344209 	548.490
	151344210 	546.820
	151344223 	546.820
	151344224 	548.310
	151344225 	548.320
	151344228 	548.210
	151344229 	548.210
	151344236 	548.470
	151344239 	548.210
	151344243 	548.490
	151344246 	546.820
	151344247 	548.470
	151344249 	546.820
	151344250 	548.310
	151344251 	548.320
	151344253 	548.260
	151344254 	548.500
	151344261 	548.550
	151344262 	546.820
	151344263 	548.550
	151344267 	548.480
	151344269 	548.280
	151344338 	548.550
	151344361 	546.820
	151344366 	546.820
	151344368 	546.820
	151344388 	548.550
	151344396 	546.820
	151344398 	548.280
	151344406 	548.560
	151344407 	548.560
	151344408 	548.560
	151344421 	548.550
	151344422 	548.550
	151344427 	548.550
	151344428 	548.280
	151344429 	548.550
	151344433 	548.100
	151344441 	546.010
	151344443 	548.280
	151344446 	548.260
	151344447 	548.550
	151344448 	548.100
	151344449 	548.280
	151344464 	548.280
	151344471 	546.820
	151344472 	546.820
	151344473 	548.550
	151344474 	548.280
	151344475 	548.550
	151344478 	548.550
	151344480 	546.820
	151344484 	548.550
	151344485 	548.560
	151344486 	548.560
	151344487 	548.560
	151344488 	546.820
	151344490 	548.560
	151344491 	548.560
	151344493 	548.560
	151344494 	548.300
	151344495 	548.560
	151344497 	546.010
	151344499 	548.320
	151344503 	548.560
	151344505 	548.560
	151344506 	546.820
	151344508 	548.100
	151344509 	548.550
	151344510 	548.330
	151344512 	546.820
	151344513 	548.360
	151344514 	548.550
	151344535 	548.550
	151344536 	548.550
	151344543 	546.820
	151344573 	546.820
	151344580 	546.820
	151344608 	546.820
	151344609 	546.820
	151344610 	546.820
	151344644 	548.560
	151344645 	546.010
	151344671 	548.550
	151344688 	548.550
	151344690 	548.570
	151344691 	546.010
	151344692 	548.280
	151344693 	548.570
	151344697 	548.570
	151344700 	548.550
	151344702 	548.550
	151344703 	548.570
	151344705 	548.570
	151344718 	548.550
	151344743 	546.820
	151344762 	546.820
	151344789 	548.550
	151344791 	548.550
	151344792 	548.550
	151344799 	546.820
	151344809 	548.410
	151344816 	546.820
	151344820 	548.550
	151344821 	548.550
	151344822 	546.820
	151344835 	546.820
	151344839 	546.820
	151344850 	548.100
	151344856 	548.570
	151344908 	546.820
	151344920 	546.820
	151344936 	546.820
	151344939 	548.550
	151344940 	548.550
	151344941 	548.550
	151344942 	548.570
	151344948 	546.820
	151344967 	548.730
	151344968 	548.570
	151344969 	548.550
	151344970 	548.580
	151344971 	548.570
	151344972 	546.540
	151344974 	548.570
	151344975 	548.580
	151344976 	548.570
	151344982 	548.580
	151344985 	547.700

Best Ask High Frequency Alerts

Second:  094455 avg price:  546.148355263 #of crossings:  65
	millisecond 	price
	094455003 	546.190
	094455012 	546.190
	094455013 	546.190
	094455014 	546.180
	094455016 	546.180
	094455019 	546.180
	094455020 	546.360
	094455034 	546.180
	094455038 	546.360
	094455040 	546.180
	094455048 	546.820
	094455062 	546.360
	094455063 	546.360
	094455069 	546.320
	094455070 	546.820
	094455072 	546.180
	094455074 	547.170
	094455087 	546.360
	094455089 	546.360
	094455090 	546.360
	094455091 	546.360
	094455092 	546.170
	094455093 	546.170
	094455094 	546.320
	094455095 	546.190
	094455096 	546.320
	094455098 	546.160
	094455099 	546.180
	094455100 	546.160
	094455101 	549.130
	094455102 	546.150
	094455119 	546.320
	094455124 	546.130
	094455125 	546.620
	094455126 	546.120
	094455127 	546.110
	094455128 	546.130
	094455129 	546.120
	094455136 	546.110
	094455139 	546.620
	094455140 	546.000
	094455141 	546.000
	094455144 	546.140
	094455145 	546.000
	094455152 	546.620
	094455154 	546.000
	094455156 	546.000
	094455160 	545.990
	094455161 	546.450
	094455165 	546.000
	094455173 	545.990
	094455180 	546.000
	094455183 	545.990
	094455184 	545.990
	094455189 	546.000
	094455201 	545.990
	094455207 	545.980
	094455208 	545.940
	094455209 	545.940
	094455210 	545.940
	094455211 	545.940
	094455212 	545.980
	094455213 	546.380
	094455221 	545.940
	094455223 	545.930
	094455224 	546.450
	094455225 	546.450
	094455229 	546.000
	094455230 	545.940
	094455231 	546.000
	094455235 	546.220
	094455237 	545.920
	094455238 	546.000
	094455239 	545.930
	094455244 	545.920
	094455245 	545.930
	094455248 	545.940
	094455251 	546.000
	094455255 	546.000
	094455261 	545.910
	094455263 	545.920
	094455266 	545.940
	094455269 	546.380
	094455270 	546.170
	094455274 	546.450
	094455279 	545.910
	094455284 	545.910
	094455289 	545.910
	094455291 	546.000
	094455308 	546.000
	094455311 	546.170
	094455312 	546.170
	094455315 	546.170
	094455316 	545.910
	094455328 	545.910
	094455330 	546.170
	094455331 	545.910
	094455348 	545.910
	094455350 	546.170
	094455355 	546.120
	094455356 	545.910
	094455359 	545.910
	094455363 	546.450
	094455364 	545.910
	094455367 	546.450
	094455381 	546.380
	094455395 	546.380
	094455419 	546.120
	094455444 	546.380
	094455453 	545.910
	094455466 	546.380
	094455479 	546.120
	094455482 	546.380
	094455489 	546.380
	094455502 	545.930
	094455527 	545.910
	094455559 	545.930
	094455568 	545.900
	094455575 	546.000
	094455591 	546.060
	094455592 	546.000
	094455602 	545.930
	094455611 	546.450
	094455617 	546.000
	094455620 	546.060
	094455621 	546.450
	094455641 	546.450
	094455662 	546.000
	094455675 	546.000
	094455680 	546.000
	094455702 	546.000
	094455722 	546.000
	094455769 	546.000
	094455786 	546.000
	094455805 	546.000
	094455819 	545.800
	094455820 	546.000
	094455873 	546.000
	094455875 	546.450
	094455878 	546.000
	094455906 	546.060
	094455911 	546.000
	094455914 	546.000
	094455929 	546.000
	094455943 	545.920
	094455948 	546.380
	094455953 	546.000
	094455959 	546.000
	094455961 	545.920
	094455972 	546.000
	094455974 	546.000
	094455977 	546.060
Second:  094603 avg price:  545.619666667 #of crossings:  52
	millisecond 	price
	094603001 	545.700
	094603002 	546.420
	094603003 	545.700
	094603004 	545.690
	094603005 	545.690
	094603006 	546.000
	094603011 	545.710
	094603012 	545.680
	094603013 	545.670
	094603014 	545.670
	094603015 	545.670
	094603016 	545.700
	094603019 	545.660
	094603020 	545.660
	094603021 	545.650
	094603022 	545.650
	094603023 	545.650
	094603024 	545.650
	094603028 	545.640
	094603029 	545.640
	094603030 	545.630
	094603031 	545.630
	094603032 	545.630
	094603040 	545.620
	094603041 	545.620
	094603042 	545.610
	094603043 	545.610
	094603051 	545.600
	094603052 	545.600
	094603053 	545.600
	094603054 	545.590
	094603055 	545.590
	094603056 	545.780
	094603057 	545.590
	094603062 	545.580
	094603063 	545.580
	094603064 	545.580
	094603066 	545.570
	094603067 	546.000
	094603072 	545.580
	094603074 	545.560
	094603077 	548.250
	094603090 	545.580
	094603091 	545.570
	094603092 	545.570
	094603099 	545.500
	094603100 	545.580
	094603101 	545.490
	094603102 	545.780
	094603103 	545.500
	094603107 	545.480
	094603114 	545.580
	094603118 	545.470
	094603119 	545.470
	094603120 	545.460
	094603121 	545.460
	094603122 	545.460
	094603123 	545.920
	094603127 	545.450
	094603133 	545.460
	094603140 	545.440
	094603141 	545.780
	094603144 	545.440
	094603146 	545.400
	094603147 	545.400
	094603148 	545.400
	094603150 	545.390
	094603151 	545.390
	094603156 	545.400
	094603157 	545.460
	094603158 	545.390
	094603159 	546.280
	094603160 	545.440
	094603161 	546.030
	094603183 	545.440
	094603184 	545.410
	094603199 	545.410
	094603200 	545.780
	094603253 	546.030
	094603280 	545.580
	094603282 	545.440
	094603331 	545.560
	094603332 	545.560
	094603427 	545.980
	094603430 	545.440
	094603452 	545.920
	094603455 	545.440
	094603546 	545.560
	094603547 	545.920
	094603558 	545.440
	094603608 	545.440
	094603618 	545.440
	094603622 	545.440
	094603632 	545.920
	094603689 	545.460
	094603693 	545.460
	094603700 	545.460
	094603705 	545.370
	094603706 	545.370
	094603708 	545.370
	094603709 	545.370
	094603747 	545.370
	094603752 	545.370
	094603753 	545.370
	094603774 	545.980
	094603778 	545.370
	094603794 	545.370
	094603804 	545.370
	094603833 	545.370
	094603834 	545.370
	094603836 	546.030
	094603847 	547.550
	094603849 	545.370
	094603860 	545.370
	094603882 	545.370
	094603884 	545.920
	094603890 	545.370
	094603947 	545.370
	094603956 	545.370
	094603965 	545.370
Second:  094605 avg price:  545.289190476 #of crossings:  71
	millisecond 	price
	094605007 	545.210
	094605017 	545.390
	094605018 	545.370
	094605025 	545.180
	094605026 	545.370
	094605030 	545.900
	094605032 	545.370
	094605048 	545.180
	094605049 	545.630
	094605050 	545.630
	094605058 	545.180
	094605059 	545.370
	094605066 	545.370
	094605077 	545.360
	094605145 	545.630
	094605148 	545.410
	094605178 	545.180
	094605224 	545.180
	094605233 	545.180
	094605234 	545.630
	094605243 	545.630
	094605245 	545.370
	094605252 	545.370
	094605259 	545.370
	094605269 	545.370
	094605288 	545.370
	094605289 	545.630
	094605338 	545.370
	094605368 	545.630
	094605369 	545.370
	094605370 	545.630
	094605372 	545.180
	094605373 	545.630
	094605376 	545.370
	094605377 	545.370
	094605382 	545.180
	094605383 	545.180
	094605384 	545.370
	094605385 	545.180
	094605388 	545.630
	094605389 	546.000
	094605391 	546.000
	094605392 	546.000
	094605402 	545.180
	094605404 	545.180
	094605406 	545.180
	094605430 	545.180
	094605444 	545.180
	094605447 	545.180
	094605448 	545.180
	094605449 	545.180
	094605450 	545.180
	094605451 	545.180
	094605452 	545.180
	094605453 	545.180
	094605454 	545.180
	094605455 	545.180
	094605456 	545.180
	094605457 	545.180
	094605458 	545.180
	094605459 	545.180
	094605460 	545.180
	094605461 	545.180
	094605476 	545.180
	094605478 	545.180
	094605479 	545.180
	094605480 	545.180
	094605481 	545.180
	094605482 	545.180
	094605483 	545.180
	094605484 	545.180
	094605485 	545.180
	094605486 	545.180
	094605487 	545.180
	094605488 	545.180
	094605489 	545.180
	094605490 	545.180
	094605491 	545.180
	094605492 	545.180
	094605493 	545.180
	094605494 	545.370
	094605496 	545.180
	094605502 	545.180
	094605524 	545.180
	094605527 	545.180
	094605531 	545.180
	094605543 	545.180
	094605548 	545.180
	094605549 	545.180
	094605550 	545.180
	094605551 	545.180
	094605552 	545.180
	094605553 	545.180
	094605554 	545.180
	094605563 	545.630
	094605584 	545.180
	094605586 	545.180
	094605592 	545.180
	094605594 	545.180
	094605600 	545.630
	094605602 	545.180
	094605603 	545.180
	094605604 	545.180
	094605605 	545.180
	094605606 	545.180
	094605608 	545.180
	094605610 	545.180
	094605615 	545.180
	094605616 	545.180
	094605618 	545.180
	094605621 	545.180
	094605622 	545.370
	094605623 	545.180
	094605624 	545.180
	094605639 	545.370
	094605660 	545.370
	094605661 	545.370
	094605668 	545.370
	094605669 	545.370
	094605674 	545.370
	094605675 	545.370
	094605676 	545.370
	094605677 	545.370
	094605678 	545.370
	094605679 	545.370
	094605680 	545.370
	094605681 	545.370
	094605682 	545.370
	094605683 	545.370
	094605684 	545.370
	094605685 	545.370
	094605686 	545.370
	094605693 	545.180
	094605697 	545.180
	094605699 	545.000
	094605702 	545.000
	094605704 	545.370
	094605708 	545.370
	094605715 	545.300
	094605716 	545.300
	094605717 	545.300
	094605719 	545.300
	094605720 	545.000
	094605721 	545.000
	094605722 	545.000
	094605724 	545.000
	094605725 	545.000
	094605729 	545.000
	094605730 	545.370
	094605738 	544.980
	094605739 	544.980
	094605740 	545.000
	094605741 	545.000
	094605746 	544.970
	094605747 	544.970
	094605748 	545.420
	094605749 	545.420
	094605753 	544.970
	094605756 	545.270
	094605757 	545.250
	094605761 	545.250
	094605765 	544.970
	094605772 	545.000
	094605782 	545.000
	094605783 	545.000
	094605784 	545.240
	094605785 	545.000
	094605814 	545.240
	094605815 	545.240
	094605816 	545.240
	094605817 	545.240
	094605818 	545.240
	094605831 	545.000
	094605832 	545.230
	094605840 	545.370
	094605841 	545.370
	094605842 	545.370
	094605843 	545.450
	094605859 	549.130
	094605860 	544.970
	094605868 	544.970
	094605869 	544.970
	094605870 	545.220
	094605871 	545.220
	094605896 	544.970
	094605897 	545.370
	094605905 	545.000
	094605907 	545.000
	094605909 	545.220
	094605919 	545.370
	094605926 	545.420
	094605928 	544.970
	094605931 	545.220
	094605933 	547.150
	094605935 	545.170
	094605944 	545.210
	094605945 	545.210
	094605955 	544.850
	094605956 	544.850
	094605957 	545.300
	094605959 	544.850
	094605960 	544.850
	094605961 	545.210
	094605976 	545.210
	094605977 	545.420
	094605984 	549.130
	094605987 	545.420
	094605989 	545.190
	094605998 	544.850
	094605999 	544.850
Second:  094606 avg price:  545.048571429 #of crossings:  53
	millisecond 	price
	094606000 	545.120
	094606005 	545.110
	094606007 	545.110
	094606028 	544.850
	094606030 	544.850
	094606032 	549.130
	094606033 	545.420
	094606034 	545.420
	094606037 	544.850
	094606039 	544.850
	094606040 	545.420
	094606041 	545.120
	094606044 	545.120
	094606046 	545.070
	094606047 	545.070
	094606050 	545.420
	094606052 	544.850
	094606060 	544.850
	094606061 	545.190
	094606063 	544.850
	094606066 	544.850
	094606067 	544.850
	094606070 	544.850
	094606079 	545.420
	094606084 	545.190
	094606085 	544.850
	094606087 	544.850
	094606090 	544.850
	094606094 	545.420
	094606096 	544.850
	094606097 	544.850
	094606098 	545.020
	094606106 	545.190
	094606109 	545.420
	094606112 	545.190
	094606113 	545.190
	094606117 	545.190
	094606130 	544.850
	094606131 	544.850
	094606132 	544.850
	094606133 	545.020
	094606145 	545.250
	094606166 	544.850
	094606167 	545.420
	094606182 	544.850
	094606185 	545.420
	094606204 	545.250
	094606205 	544.850
	094606223 	544.850
	094606239 	544.850
	094606281 	545.020
	094606293 	545.250
	094606321 	545.020
	094606334 	545.250
	094606340 	545.250
	094606345 	545.250
	094606348 	545.250
	094606356 	544.900
	094606359 	545.250
	094606360 	545.250
	094606363 	545.250
	094606365 	544.850
	094606368 	544.850
	094606371 	544.850
	094606416 	545.420
	094606423 	545.250
	094606427 	545.110
	094606440 	545.110
	094606480 	544.900
	094606489 	545.300
	094606510 	545.110
	094606530 	545.110
	094606531 	545.420
	094606550 	545.420
	094606564 	544.850
	094606568 	544.840
	094606640 	544.900
	094606641 	544.850
	094606668 	544.810
	094606669 	544.900
	094606675 	544.810
	094606677 	544.800
	094606678 	544.800
	094606680 	544.790
	094606681 	544.790
	094606682 	544.780
	094606683 	544.780
	094606684 	544.780
	094606687 	544.770
	094606688 	544.770
	094606689 	544.770
	094606690 	544.760
	094606691 	544.760
	094606694 	544.750
	094606695 	544.740
	094606696 	544.730
	094606697 	545.190
	094606698 	544.730
	094606699 	544.790
	094606701 	544.720
	094606702 	544.720
	094606703 	544.720
	094606704 	545.210
	094606705 	544.710
	094606706 	544.900
	094606707 	544.700
	094606709 	544.700
	094606711 	544.690
	094606712 	544.700
	094606714 	545.210
	094606731 	544.900
	094606737 	544.900
	094606795 	544.900
	094606796 	544.900
	094606797 	544.810
	094606814 	544.730
	094606815 	544.810
	094606818 	544.810
	094606848 	549.130
	094606849 	544.800
	094606850 	545.210
	094606861 	544.790
	094606870 	544.790
	094606877 	544.900
	094606889 	544.810
	094606899 	545.210
Second:  114736 avg price:  441.451690141 #of crossings:  66
	millisecond 	price
	114736086 	543.900
	114736345 	543.610
	114736346 	543.630
	114736347 	543.600
	114736348 	543.580
	114736349 	543.590
	114736350 	0.000
	114736351 	543.700
	114736352 	543.610
	114736353 	543.580
	114736355 	543.610
	114736356 	543.700
	114736357 	0.000
	114736358 	543.580
	114736359 	543.570
	114736360 	543.580
	114736361 	543.580
	114736363 	543.580
	114736364 	543.570
	114736365 	543.570
	114736366 	543.570
	114736369 	543.570
	114736370 	543.590
	114736375 	543.570
	114736376 	543.580
	114736377 	543.700
	114736378 	543.610
	114736381 	543.700
	114736387 	0.000
	114736388 	543.700
	114736389 	543.560
	114736390 	543.560
	114736391 	0.000
	114736392 	543.550
	114736393 	543.540
	114736394 	0.000
	114736395 	0.000
	114736396 	543.550
	114736397 	543.550
	114736398 	543.550
	114736401 	543.550
	114736402 	543.700
	114736405 	543.550
	114736406 	543.550
	114736407 	543.550
	114736416 	543.540
	114736417 	543.550
	114736418 	0.000
	114736419 	543.530
	114736420 	0.000
	114736421 	543.520
	114736422 	543.520
	114736423 	543.520
	114736424 	543.520
	114736425 	543.520
	114736426 	543.520
	114736427 	543.520
	114736430 	0.000
	114736431 	543.440
	114736432 	543.520
	114736433 	543.440
	114736434 	543.440
	114736435 	546.060
	114736436 	543.440
	114736437 	543.440
	114736438 	543.440
	114736440 	543.440
	114736447 	543.670
	114736452 	543.670
	114736470 	543.700
	114736480 	0.000
	114736481 	543.700
	114736483 	543.700
	114736484 	543.700
	114736489 	546.060
	114736497 	543.620
	114736512 	543.370
	114736521 	0.000
	114736523 	544.230
	114736524 	0.000
	114736525 	543.440
	114736526 	543.310
	114736527 	543.320
	114736528 	0.000
	114736529 	543.360
	114736530 	543.620
	114736531 	543.350
	114736533 	543.620
	114736534 	0.000
	114736535 	543.410
	114736536 	543.620
	114736537 	0.000
	114736541 	0.000
	114736543 	543.340
	114736544 	0.000
	114736547 	0.000
	114736549 	0.000
	114736552 	543.410
	114736554 	543.410
	114736555 	0.000
	114736556 	0.000
	114736557 	544.000
	114736558 	0.000
	114736559 	543.400
	114736561 	543.410
	114736562 	0.000
	114736563 	544.000
	114736565 	543.620
	114736567 	0.000
	114736571 	0.000
	114736573 	543.620
	114736574 	543.410
	114736575 	543.410
	114736577 	543.410
	114736586 	543.410
	114736588 	543.410
	114736592 	543.700
	114736596 	543.700
	114736603 	543.410
	114736604 	543.410
	114736605 	0.000
	114736606 	0.000
	114736607 	543.400
	114736608 	543.400
	114736628 	543.620
	114736638 	543.400
	114736640 	543.700
	114736641 	543.640
	114736645 	0.000
	114736646 	0.000
	114736648 	543.640
	114736649 	543.370
	114736651 	543.620
	114736652 	543.360
	114736654 	543.590
	114736670 	0.000
	114736672 	543.620
	114736674 	543.380
	114736677 	543.380
	114736678 	543.390
	114736679 	543.300
	114736680 	543.390
	114736681 	544.000
	114736685 	543.390
	114736688 	543.390
	114736689 	543.390
	114736693 	0.000
	114736694 	543.380
	114736695 	543.390
	114736696 	543.380
	114736697 	543.390
	114736700 	543.610
	114736703 	543.380
	114736704 	543.370
	114736705 	0.000
	114736706 	543.380
	114736707 	543.380
	114736709 	543.360
	114736710 	543.360
	114736711 	543.360
	114736712 	543.350
	114736713 	543.350
	114736714 	0.000
	114736715 	0.000
	114736716 	543.320
	114736717 	543.320
	114736718 	543.320
	114736720 	543.310
	114736721 	543.310
	114736722 	543.300
	114736723 	543.300
	114736724 	543.290
	114736725 	543.290
	114736727 	543.280
	114736728 	543.280
	114736729 	543.270
	114736730 	543.260
	114736731 	543.260
	114736732 	543.250
	114736733 	543.260
	114736734 	543.260
	114736735 	543.320
	114736737 	543.330
	114736738 	543.320
	114736739 	543.320
	114736740 	543.330
	114736741 	543.340
	114736742 	543.570
	114736745 	543.350
	114736756 	543.330
	114736758 	543.350
	114736761 	543.350
	114736799 	543.330
	114736811 	543.570
	114736831 	543.330
	114736832 	543.330
	114736922 	0.000
	114736942 	0.000
	114736943 	0.000
	114736944 	543.450
	114736945 	543.700
	114736946 	543.410
	114736947 	543.570
	114736948 	0.000
	114736949 	543.360
	114736950 	543.360
	114736951 	0.000
	114736953 	0.000
	114736954 	543.620
	114736969 	543.620
	114736970 	543.450
	114736973 	543.450
	114736993 	543.700
Second:  132001 avg price:  378.762442396 #of crossings:  81
	millisecond 	price
	132001316 	540.670
	132001317 	540.670
	132001318 	540.670
	132001319 	540.650
	132001320 	540.670
	132001321 	540.670
	132001322 	540.660
	132001324 	540.650
	132001326 	0.000
	132001327 	540.650
	132001328 	0.000
	132001329 	0.000
	132001330 	0.000
	132001331 	0.000
	132001336 	540.870
	132001340 	540.670
	132001341 	0.000
	132001342 	540.720
	132001343 	540.670
	132001344 	540.720
	132001345 	540.720
	132001346 	0.000
	132001347 	0.000
	132001348 	0.000
	132001349 	0.000
	132001350 	0.000
	132001354 	0.000
	132001362 	540.670
	132001363 	0.000
	132001364 	0.000
	132001380 	0.000
	132001381 	542.480
	132001383 	0.000
	132001384 	0.000
	132001385 	540.720
	132001437 	0.000
	132001438 	540.820
	132001466 	541.560
	132001477 	0.000
	132001489 	0.000
	132001652 	0.000
	132001653 	540.640
	132001654 	0.000
	132001655 	540.630
	132001657 	0.000
	132001776 	0.000
	132001777 	540.720
	132001779 	540.720
	132001780 	540.720
	132001781 	540.720
	132001782 	540.720
	132001783 	540.720
	132001785 	540.720
	132001786 	540.720
	132001788 	540.720
	132001789 	540.720
	132001790 	540.720
	132001791 	540.720
	132001792 	540.720
	132001793 	540.720
	132001794 	0.000
	132001795 	0.000
	132001796 	0.000
	132001797 	540.720
	132001798 	0.000
	132001799 	0.000
	132001800 	0.000
	132001801 	0.000
	132001803 	0.000
	132001804 	0.000
	132001805 	0.000
	132001806 	0.000
	132001807 	0.000
	132001808 	0.000
	132001809 	0.000
	132001810 	0.000
	132001811 	0.000
	132001812 	0.000
	132001813 	0.000
	132001814 	0.000
	132001815 	0.000
	132001816 	0.000
	132001817 	0.000
	132001818 	0.000
	132001819 	0.000
	132001820 	0.000
	132001821 	540.720
	132001822 	0.000
	132001823 	0.000
	132001824 	0.000
	132001825 	0.000
	132001827 	0.000
	132001829 	0.000
	132001830 	0.000
	132001831 	0.000
	132001832 	0.000
	132001833 	0.000
	132001834 	0.000
	132001835 	0.000
	132001836 	0.000
	132001838 	0.000
	132001839 	0.000
	132001840 	540.720
	132001841 	540.720
	132001842 	540.720
	132001843 	540.720
	132001845 	540.720
	132001846 	540.720
	132001847 	540.720
	132001848 	540.720
	132001849 	540.720
	132001852 	540.720
	132001853 	540.720
	132001854 	540.720
	132001855 	540.720
	132001856 	540.720
	132001857 	540.720
	132001859 	540.720
	132001861 	540.720
	132001862 	540.720
	132001864 	540.720
	132001865 	540.720
	132001866 	540.720
	132001868 	540.720
	132001869 	540.720
	132001871 	540.720
	132001872 	540.720
	132001873 	540.720
	132001875 	540.720
	132001876 	540.720
	132001877 	540.720
	132001878 	540.720
	132001880 	540.720
	132001881 	540.720
	132001883 	540.720
	132001884 	540.720
	132001886 	540.720
	132001888 	540.720
	132001889 	540.720
	132001891 	540.720
	132001892 	540.720
	132001893 	540.720
	132001894 	540.720
	132001895 	0.000
	132001896 	540.720
	132001898 	540.720
	132001899 	540.720
	132001900 	540.720
	132001901 	540.720
	132001902 	540.720
	132001903 	540.720
	132001904 	540.720
	132001905 	540.720
	132001906 	540.720
	132001907 	540.720
	132001908 	540.720
	132001909 	540.720
	132001910 	540.720
	132001912 	540.720
	132001914 	540.720
	132001915 	540.720
	132001917 	540.720
	132001919 	540.720
	132001921 	540.720
	132001922 	540.720
	132001924 	540.720
	132001925 	540.720
	132001926 	540.720
	132001928 	540.720
	132001929 	540.720
	132001930 	540.720
	132001931 	540.720
	132001932 	540.720
	132001934 	540.720
	132001935 	540.720
	132001936 	540.720
	132001937 	540.720
	132001938 	540.720
	132001939 	540.720
	132001940 	540.720
	132001941 	540.720
	132001943 	540.720
	132001944 	540.720
	132001946 	540.720
	132001947 	540.720
	132001948 	540.720
	132001949 	540.720
	132001951 	540.720
	132001953 	540.720
	132001954 	540.720
	132001955 	540.720
	132001956 	540.720
	132001957 	540.720
	132001958 	540.720
	132001959 	540.720
	132001960 	540.720
	132001961 	540.720
	132001963 	540.720
	132001964 	540.720
	132001965 	540.720
	132001966 	540.720
	132001968 	540.720
	132001969 	540.720
	132001970 	540.720
	132001971 	540.720
	132001972 	540.720
	132001973 	540.720
	132001975 	540.720
	132001976 	540.720
	132001977 	540.720
	132001978 	540.720
	132001979 	540.720
	132001980 	540.720
	132001982 	540.720
	132001983 	540.720
	132001984 	540.720
	132001985 	540.720
Second:  143455 avg price:  419.952279793 #of crossings:  63
	millisecond 	price
	143455010 	547.880
	143455031 	547.590
	143455082 	547.560
	143455113 	0.000
	143455114 	0.000
	143455115 	547.190
	143455230 	0.000
	143455232 	0.000
	143455234 	547.190
	143455236 	0.000
	143455243 	0.000
	143455244 	0.000
	143455245 	0.000
	143455264 	0.000
	143455268 	0.000
	143455269 	0.000
	143455270 	547.880
	143455271 	0.000
	143455273 	547.260
	143455274 	0.000
	143455275 	547.280
	143455287 	547.340
	143455288 	547.280
	143455289 	547.270
	143455295 	547.560
	143455296 	0.000
	143455297 	0.000
	143455298 	547.280
	143455313 	0.000
	143455317 	547.380
	143455321 	547.380
	143455323 	547.380
	143455326 	547.990
	143455330 	547.280
	143455332 	547.340
	143455354 	547.990
	143455361 	547.560
	143455365 	0.000
	143455366 	547.340
	143455367 	547.360
	143455368 	547.880
	143455370 	547.320
	143455377 	547.880
	143455384 	547.720
	143455388 	0.000
	143455389 	547.320
	143455390 	547.590
	143455391 	547.320
	143455392 	547.320
	143455395 	547.880
	143455396 	547.340
	143455406 	0.000
	143455407 	547.880
	143455409 	547.340
	143455413 	547.990
	143455415 	547.990
	143455420 	547.340
	143455421 	547.340
	143455427 	0.000
	143455428 	547.880
	143455429 	547.880
	143455430 	547.990
	143455433 	547.340
	143455434 	0.000
	143455435 	547.360
	143455436 	0.000
	143455438 	0.000
	143455439 	547.990
	143455440 	547.880
	143455446 	0.000
	143455447 	547.880
	143455448 	0.000
	143455449 	0.000
	143455452 	0.000
	143455453 	0.000
	143455454 	547.380
	143455455 	0.000
	143455457 	547.460
	143455458 	547.380
	143455460 	0.000
	143455462 	547.470
	143455466 	547.880
	143455467 	547.720
	143455469 	547.380
	143455470 	0.000
	143455471 	547.380
	143455472 	547.380
	143455475 	547.880
	143455477 	547.990
	143455478 	0.000
	143455479 	0.000
	143455480 	547.470
	143455481 	547.990
	143455483 	547.990
	143455488 	0.000
	143455491 	547.450
	143455503 	547.470
	143455504 	547.380
	143455506 	547.380
	143455507 	547.590
	143455508 	547.450
	143455512 	547.380
	143455513 	547.380
	143455521 	547.720
	143455523 	547.720
	143455525 	547.420
	143455552 	547.410
	143455553 	547.450
	143455558 	0.000
	143455559 	0.000
	143455560 	0.000
	143455562 	547.510
	143455569 	547.450
	143455571 	547.440
	143455576 	547.990
	143455578 	547.880
	143455586 	547.440
	143455588 	547.470
	143455589 	0.000
	143455598 	547.510
	143455599 	547.450
	143455600 	547.450
	143455601 	547.450
	143455602 	547.450
	143455611 	548.290
	143455631 	547.450
	143455632 	547.450
	143455637 	547.450
	143455638 	547.470
	143455639 	547.470
	143455640 	547.880
	143455648 	547.510
	143455649 	547.450
	143455650 	547.550
	143455655 	547.550
	143455656 	547.550
	143455658 	547.720
	143455659 	0.000
	143455663 	547.450
	143455664 	547.470
	143455669 	547.550
	143455670 	548.330
	143455671 	547.550
	143455679 	547.550
	143455680 	547.450
	143455689 	548.330
	143455691 	547.450
	143455700 	547.450
	143455711 	547.490
	143455712 	547.720
	143455713 	0.000
	143455714 	0.000
	143455717 	0.000
	143455718 	0.000
	143455719 	0.000
	143455727 	547.500
	143455736 	547.720
	143455739 	547.500
	143455740 	547.500
	143455747 	547.720
	143455798 	547.500
	143455820 	547.800
	143455897 	547.490
	143455904 	548.380
	143455905 	547.500
	143455908 	548.380
	143455914 	547.500
	143455915 	547.550
	143455916 	547.620
	143455917 	547.950
	143455918 	547.550
	143455919 	547.880
	143455920 	547.580
	143455922 	548.380
	143455923 	547.580
	143455925 	547.550
	143455933 	547.550
	143455939 	547.640
	143455940 	547.550
	143455950 	547.880
	143455951 	547.550
	143455952 	548.380
	143455953 	548.380
	143455954 	548.380
	143455955 	548.380
	143455956 	548.380
	143455957 	548.380
	143455958 	548.380
	143455959 	547.950
	143455960 	547.580
	143455969 	547.640
	143455978 	0.000
	143455981 	548.430
Second:  151344 avg price:  395.786394558 #of crossings:  69
	millisecond 	price
	151344027 	548.550
	151344032 	0.000
	151344091 	548.550
	151344140 	548.580
	151344143 	0.000
	151344146 	548.530
	151344147 	0.000
	151344151 	548.660
	151344152 	548.660
	151344158 	548.650
	151344159 	548.590
	151344168 	0.000
	151344174 	548.600
	151344176 	0.000
	151344192 	548.590
	151344195 	0.000
	151344196 	548.650
	151344201 	548.600
	151344209 	0.000
	151344210 	548.630
	151344223 	0.000
	151344224 	548.660
	151344225 	548.660
	151344228 	548.650
	151344229 	548.650
	151344236 	548.600
	151344239 	548.650
	151344243 	548.770
	151344246 	548.630
	151344247 	0.000
	151344249 	548.640
	151344250 	548.660
	151344251 	548.660
	151344253 	0.000
	151344254 	548.980
	151344261 	548.600
	151344262 	548.660
	151344263 	548.660
	151344267 	548.770
	151344269 	0.000
	151344338 	548.710
	151344361 	549.430
	151344366 	0.000
	151344368 	549.480
	151344388 	548.980
	151344396 	0.000
	151344398 	549.530
	151344406 	548.690
	151344407 	0.000
	151344408 	548.650
	151344421 	548.610
	151344422 	548.610
	151344427 	0.000
	151344428 	548.980
	151344429 	548.980
	151344433 	548.850
	151344441 	549.530
	151344443 	548.980
	151344446 	548.770
	151344447 	548.680
	151344448 	548.900
	151344449 	0.000
	151344464 	548.680
	151344471 	0.000
	151344472 	0.000
	151344473 	548.660
	151344474 	548.820
	151344475 	549.530
	151344478 	0.000
	151344480 	548.710
	151344484 	548.740
	151344485 	0.000
	151344486 	548.880
	151344487 	548.840
	151344488 	549.540
	151344490 	548.880
	151344491 	548.840
	151344493 	548.880
	151344494 	548.820
	151344495 	0.000
	151344497 	549.590
	151344499 	548.820
	151344503 	548.880
	151344505 	548.860
	151344506 	548.720
	151344508 	549.160
	151344509 	0.000
	151344510 	548.820
	151344512 	548.720
	151344513 	548.820
	151344514 	549.590
	151344535 	548.880
	151344536 	548.860
	151344543 	0.000
	151344573 	548.710
	151344580 	0.000
	151344608 	548.710
	151344609 	548.710
	151344610 	548.710
	151344644 	549.160
	151344645 	549.590
	151344671 	548.710
	151344688 	0.000
	151344690 	548.730
	151344691 	0.000
	151344692 	548.730
	151344693 	548.980
	151344697 	0.000
	151344700 	548.880
	151344702 	548.860
	151344703 	548.770
	151344705 	0.000
	151344718 	548.750
	151344743 	548.760
	151344762 	549.630
	151344789 	548.750
	151344791 	548.880
	151344792 	548.860
	151344799 	548.770
	151344809 	548.820
	151344816 	548.770
	151344820 	548.670
	151344821 	548.670
	151344822 	0.000
	151344835 	549.550
	151344839 	548.720
	151344850 	549.160
	151344856 	549.550
	151344908 	0.000
	151344920 	548.730
	151344936 	0.000
	151344939 	548.860
	151344940 	548.740
	151344941 	0.000
	151344942 	0.000
	151344948 	549.630
	151344967 	0.000
	151344968 	0.000
	151344969 	0.000
	151344970 	548.750
	151344971 	0.000
	151344972 	550.940
	151344974 	0.000
	151344975 	0.000
	151344976 	0.000
	151344982 	548.750
	151344985 	0.000
Second:  152542 avg price:  549.173391304 #of crossings:  104
	millisecond 	price
	152542018 	548.980
	152542020 	549.050
	152542023 	548.940
	152542043 	548.950
	152542044 	548.940
	152542045 	548.940
	152542060 	549.110
	152542061 	549.110
	152542143 	548.990
	152542173 	549.110
	152542174 	549.110
	152542216 	548.990
	152542462 	548.950
	152542463 	549.100
	152542464 	548.990
	152542465 	549.360
	152542466 	549.050
	152542467 	549.110
	152542468 	549.360
	152542469 	549.110
	152542470 	549.110
	152542471 	549.360
	152542472 	549.110
	152542474 	549.110
	152542476 	549.110
	152542477 	549.110
	152542478 	549.360
	152542479 	549.110
	152542480 	549.110
	152542481 	549.360
	152542482 	549.110
	152542484 	549.110
	152542485 	549.110
	152542486 	549.360
	152542487 	549.110
	152542489 	549.110
	152542490 	549.110
	152542491 	549.360
	152542492 	549.110
	152542493 	548.990
	152542494 	549.110
	152542495 	548.990
	152542496 	549.360
	152542497 	549.110
	152542499 	549.110
	152542500 	549.110
	152542501 	549.360
	152542502 	549.110
	152542504 	549.110
	152542505 	549.110
	152542506 	549.360
	152542507 	549.110
	152542508 	549.110
	152542509 	549.360
	152542510 	549.110
	152542512 	549.110
	152542513 	549.110
	152542514 	549.360
	152542515 	549.110
	152542517 	549.110
	152542518 	549.110
	152542519 	549.360
	152542520 	549.110
	152542522 	549.110
	152542523 	549.110
	152542524 	549.360
	152542525 	549.110
	152542527 	549.110
	152542528 	549.110
	152542529 	549.360
	152542530 	549.110
	152542532 	549.110
	152542533 	549.110
	152542534 	549.360
	152542535 	549.110
	152542537 	549.110
	152542538 	549.110
	152542539 	549.360
	152542540 	549.110
	152542541 	549.110
	152542542 	549.360
	152542543 	549.110
	152542544 	549.110
	152542545 	549.360
	152542546 	549.110
	152542547 	549.360
	152542548 	549.110
	152542550 	549.110
	152542551 	549.110
	152542552 	549.360
	152542553 	549.110
	152542554 	549.110
	152542555 	549.360
	152542556 	549.110
	152542558 	549.110
	152542559 	549.110
	152542560 	549.360
	152542561 	549.110
	152542563 	549.110
	152542564 	549.110
	152542566 	549.110
	152542568 	549.110
	152542569 	549.110
	152542570 	549.360
	152542571 	549.110
	152542572 	549.110
	152542573 	549.360
	152542574 	549.360
	152542576 	549.110
	152542578 	549.110
	152542580 	549.110
	152542582 	549.110
	152542583 	549.360
	152542584 	549.110
	152542586 	549.360
	152542587 	549.110
	152542588 	549.360
	152542589 	549.110
	152542590 	549.360
	152542591 	549.110
	152542592 	549.110
	152542593 	549.360
	152542594 	549.110
	152542596 	549.110
	152542597 	549.110
	152542598 	549.360
	152542599 	549.110
	152542600 	549.360
	152542601 	549.110
	152542602 	549.110
	152542603 	549.360
	152542604 	549.110
	152542605 	549.110
	152542606 	549.360
	152542607 	549.110
	152542609 	549.110
	152542610 	549.110
	152542611 	549.360
	152542612 	549.110
	152542614 	549.360
	152542615 	549.110
	152542616 	549.360
	152542617 	549.110
	152542618 	549.360
	152542619 	549.110
	152542620 	549.360
	152542621 	549.110
	152542622 	549.360
	152542623 	549.110
	152542624 	549.360
	152542625 	549.110
	152542627 	549.110
	152542629 	549.110
	152542630 	549.110
	152542631 	549.360
	152542632 	549.110
	152542633 	549.110
	152542634 	549.360
	152542635 	549.110
	152542636 	549.110
	152542637 	549.360
	152542638 	549.110
	152542640 	549.110
	152542642 	549.110
	152542643 	549.110
	152542644 	549.360
	152542645 	549.110
	152542646 	549.110
	152542647 	549.360
	152542648 	549.110
	152542650 	549.110
	152542651 	549.110
	152542652 	549.360
	152542653 	549.110
	152542655 	549.110
	152542656 	549.110
	152542657 	549.360
	152542658 	549.110
	152542660 	549.110
	152542661 	549.110
	152542662 	549.360
	152542663 	549.110
	152542665 	549.110
	152542666 	549.110
	152542667 	549.360
	152542668 	549.110
	152542669 	549.360
	152542670 	549.110
	152542671 	549.110
	152542672 	549.360
	152542673 	549.110
	152542674 	549.360
	152542675 	549.360
	152542676 	549.110
	152542677 	549.360
	152542678 	549.110
	152542680 	549.110
	152542681 	549.110
	152542683 	549.110
	152542685 	549.110
	152542686 	549.110
	152542688 	549.360
	152542689 	549.110
	152542690 	549.360
	152542691 	549.110
	152542692 	549.360
	152542693 	549.110
	152542694 	549.110
	152542695 	549.360
	152542696 	549.110
	152542698 	549.110
	152542700 	549.110
	152542701 	549.110
	152542702 	549.360
	152542703 	549.110
	152542704 	549.110
	152542705 	549.360
	152542706 	549.110
	152542707 	549.360
	152542708 	549.110
	152542710 	549.110
	152542712 	549.110
	152542713 	549.110
	152542714 	549.110
	152542715 	549.360
	152542716 	549.110
	152542718 	549.110
	152542719 	549.110
	152542931 	549.480
	152542972 	549.010
